yyyymm,mean,perc_neg,perc_netural,perc_pos,sd
201101,0.0,0.0,1.0,0.0,0.0
201102,0.0,0.0,1.0,0.0,0.0
201107,0.0,0.0,1.0,0.0,0.0
201109,-0.148,0.0,1.0,0.0,0.148
201111,0.0,0.0,1.0,0.0,0.0
201202,0.0,0.0,1.0,0.0,0.0
201204,0.0,0.0,1.0,0.0,0.0
201205,0.0,0.0,1.0,0.0,0.0
201207,0.4588,0.0,0.0,1.0,0.0
201208,0.0,0.0,1.0,0.0,0.0
201209,0.0,0.0,1.0,0.0,0.0
201211,0.4686,0.0,0.5,0.5,0.4686
201212,0.26083333333333336,0.3333333333333333,0.3333333333333333,0.3333333333333333,0.5665295598838795
201301,0.0,0.0,1.0,0.0,0.0
201302,0.40074000000000004,0.0,0.4,0.6,0.42428545862426154
201303,0.209025,0.0,0.75,0.25,0.29284117175527075
201304,0.261825,0.0,0.5,0.5,0.2640385613409526
201305,0.25553,0.0,0.6,0.4,0.33311710568507286
201306,0.13473333333333334,0.0,0.8888888888888888,0.1111111111111111,0.295235107818987
201307,0.2627,0.0,0.6666666666666666,0.3333333333333333,0.37151390283541214
201309,0.038562500000000006,0.0,0.875,0.125,0.26993216711564777
201310,0.064,0.0,1.0,0.0,0.064
201311,0.0817,0.0,0.9166666666666666,0.08333333333333333,0.12565985171618393
201312,0.2202777777777778,0.0,0.6666666666666666,0.3333333333333333,0.30468117681631207
201401,0.1053,0.18181818181818182,0.5454545454545454,0.2727272727272727,0.4505290314528223
201402,-0.07101111111111111,0.2222222222222222,0.6666666666666666,0.1111111111111111,0.42669489084888657
201403,0.006974999999999999,0.08333333333333333,0.8333333333333334,0.08333333333333333,0.14781493003640278
201404,0.20733999999999997,0.06666666666666667,0.6,0.3333333333333333,0.42517327730389326
201405,0.20816296296296297,0.14814814814814814,0.4074074074074074,0.4444444444444444,0.38746523203465016
201406,0.010435294117647058,0.17647058823529413,0.5882352941176471,0.23529411764705882,0.4022471451895573
201407,0.042443478260869534,0.21739130434782608,0.5217391304347826,0.2608695652173913,0.49191409273508313
201408,0.11091052631578947,0.21052631578947367,0.47368421052631576,0.3157894736842105,0.5087594063733929
201409,0.28457142857142853,0.07142857142857142,0.5,0.42857142857142855,0.43798310050335343
201410,0.35161818181818183,0.13636363636363635,0.3181818181818182,0.5454545454545454,0.5511359761573146
201411,0.15116111111111113,0.1111111111111111,0.5555555555555556,0.3333333333333333,0.5173867821819024
201412,0.40479230769230773,0.11538461538461539,0.2692307692307692,0.6153846153846154,0.5043231464990224
201501,0.3279020408163265,0.04081632653061224,0.46938775510204084,0.4897959183673469,0.4176756624169368
201502,0.2552190476190476,0.09523809523809523,0.4523809523809524,0.4523809523809524,0.4171187270961722
201503,0.35140740740740745,0.07407407407407407,0.3333333333333333,0.5925925925925926,0.45230764270442525
201504,0.184535,0.175,0.4,0.425,0.4525686586309308
201505,0.24663333333333337,0.12121212121212122,0.42424242424242425,0.45454545454545453,0.47576610542440606
201506,0.21983265306122454,0.12244897959183673,0.4489795918367347,0.42857142857142855,0.5001147616819013
201507,0.26820000000000005,0.1375,0.3875,0.475,0.5166165976814915
201508,0.3694976923076923,0.08076923076923077,0.38461538461538464,0.5346153846153846,0.5072621375073451
201509,0.1041233766233766,0.11688311688311688,0.6103896103896104,0.2727272727272727,0.3922132894084523
201510,0.1647716417910448,0.14925373134328357,0.47761194029850745,0.373134328358209,0.43852562606785034
201511,0.2283506849315069,0.136986301369863,0.4520547945205479,0.410958904109589,0.47202219361662867
201512,0.2855287037037036,0.1388888888888889,0.3425925925925926,0.5185185185185185,0.5148312210040703
201601,0.2342927927927927,0.13513513513513514,0.44144144144144143,0.42342342342342343,0.48058430684333875
201602,0.2590954248366013,0.12418300653594772,0.38562091503267976,0.49019607843137253,0.44702934052057175
201603,0.1725452173913044,0.1391304347826087,0.46956521739130436,0.391304347826087,0.4702774846450582
201604,0.20108017241379303,0.09482758620689655,0.5431034482758621,0.3620689655172414,0.429065116676066
201605,0.22091260504201682,0.16806722689075632,0.36134453781512604,0.47058823529411764,0.5103584549414153
201606,0.23438729281767962,0.13812154696132597,0.40331491712707185,0.4585635359116022,0.4832541297567207
201607,0.35176521739130434,0.09316770186335403,0.36645962732919257,0.5403726708074534,0.4726804365144192
201608,0.22319939024390245,0.1524390243902439,0.38414634146341464,0.4634146341463415,0.49690392535802463
201609,0.28354503311258283,0.13245033112582782,0.3509933774834437,0.5165562913907285,0.4834863096452712
201610,0.2606606451612904,0.12903225806451613,0.43870967741935485,0.432258064516129,0.47304378307854456
201611,0.2837025,0.125,0.35,0.525,0.4714035615783467
201612,0.167758064516129,0.14516129032258066,0.4838709677419355,0.3709677419354839,0.47533439860742244
201701,0.5340313253012045,0.1285140562248996,0.13654618473895583,0.7349397590361446,0.6099043225237737
201702,0.495957476635514,0.1261682242990654,0.19158878504672897,0.6822429906542056,0.6214637530615388
201703,0.5987104109589041,0.12876712328767123,0.12054794520547946,0.7506849315068493,0.60782643372549
201704,0.5836102222222221,0.10666666666666667,0.1688888888888889,0.7244444444444444,0.5920124298488217
201705,0.6202891472868215,0.08914728682170543,0.15503875968992248,0.7558139534883721,0.544878531622695
201706,0.5562734375000004,0.11458333333333333,0.18229166666666666,0.703125,0.6104027661295454
201707,0.41696093750000046,0.12276785714285714,0.27901785714285715,0.5982142857142857,0.5746899507374259
201708,0.5354107954545454,0.14962121212121213,0.14393939393939395,0.7064393939393939,0.6412395879426208
201709,0.6142329690346087,0.08378870673952642,0.16939890710382513,0.7468123861566485,0.5601403747969834
201710,0.5444674976030675,0.12751677852348994,0.16203259827420902,0.710450623202301,0.600424110166466
201711,0.6072697228144992,0.11087420042643924,0.12260127931769722,0.7665245202558635,0.5782593412806986
201712,0.5924466780238499,0.10732538330494037,0.13969335604770017,0.7529812606473595,0.5966602359011864
201801,0.3875360745614036,0.20833333333333334,0.16557017543859648,0.6260964912280702,0.6948881189001143
201802,0.48961847619047605,0.17142857142857143,0.1295238095238095,0.699047619047619,0.6822319904140707
201803,0.483556614785992,0.15953307392996108,0.16536964980544747,0.6750972762645915,0.6621164912178417
201804,0.5594006993006989,0.1258741258741259,0.15734265734265734,0.7167832167832168,0.6096962452467974
201805,0.5158711574952562,0.14990512333965844,0.1461100569259962,0.7039848197343453,0.6319441207636407
201806,0.528692277992278,0.16216216216216217,0.11003861003861004,0.7277992277992278,0.6624681970207493
201807,0.5625496183206103,0.1316793893129771,0.13740458015267176,0.7309160305343512,0.6179661097545707
201808,0.5933514522821575,0.13692946058091288,0.0995850622406639,0.7634854771784232,0.6187830283636074
201809,0.5414550632911393,0.1371308016877637,0.1518987341772152,0.7109704641350211,0.6295777991773364
201810,0.5813170432537116,0.1265332472562944,0.13040671400903808,0.7430600387346675,0.6039430382687143
201811,0.5941780590717296,0.1240506329113924,0.11139240506329114,0.7645569620253164,0.6029340591395504
201812,0.5377212765957444,0.1656534954407295,0.11246200607902736,0.7218844984802432,0.6520727481956317
201901,0.5474806563039722,0.14680483592400692,0.12780656303972365,0.7253886010362695,0.6324729187009276
201902,0.5589244575936884,0.14201183431952663,0.1222879684418146,0.7357001972386588,0.6262218685673981
201903,0.5592087412587412,0.13286713286713286,0.14160839160839161,0.7255244755244755,0.6161402184322531
201904,0.5685403747870529,0.13458262350936967,0.12776831345826234,0.737649063032368,0.5978752899268714
201905,0.5528604361370721,0.1526479750778816,0.09190031152647975,0.7554517133956387,0.6372375109167979
201906,0.5591066420664206,0.14760147601476015,0.1014760147601476,0.7509225092250923,0.6480715930909029
201907,0.6032260869565214,0.13570487483530963,0.09354413702239789,0.7707509881422925,0.6176042813201494
201908,0.6628569747899157,0.1092436974789916,0.08403361344537816,0.8067226890756303,0.5935144167201953
201909,0.6837868913857682,0.10299625468164794,0.07116104868913857,0.8258426966292135,0.5673663794386329
201910,0.64063482428115,0.11661341853035144,0.09904153354632587,0.7843450479233227,0.5842434100388736
201911,0.6433294952681385,0.11198738170347003,0.10410094637223975,0.7839116719242902,0.5893824890682202
201912,0.6758230769230774,0.10153846153846154,0.07076923076923076,0.8276923076923077,0.5709731110385093
202001,0.5903321212121213,0.13484848484848486,0.10303030303030303,0.7621212121212121,0.6104777260958315
202002,0.5932807086614177,0.13582677165354332,0.10826771653543307,0.7559055118110236,0.6233342393916147
202003,0.5701192534381144,0.12770137524557956,0.12770137524557956,0.7445972495088409,0.6149592003514449
202004,0.590445762711864,0.1316818774445893,0.1016949152542373,0.7666232073011734,0.6008726138285803
202005,0.6258676865271059,0.10305958132045089,0.11325818572195384,0.7836822329575953,0.5572774217339264
202006,0.5888039629005074,0.12225969645868466,0.12141652613827993,0.7563237774030354,0.5803354243873087
202007,0.5942122971818962,0.11528608027327071,0.12211784799316823,0.762596071733561,0.5773954662622691
202008,0.6224778899082568,0.10275229357798166,0.11192660550458716,0.7853211009174312,0.5679373380259377
202009,0.6072365420560755,0.1102803738317757,0.12990654205607477,0.7598130841121495,0.5621361309012949
202010,0.7990432258064517,0.09032258064516129,0.012903225806451613,0.896774193548387,0.5201214997037811
202011,0.7953142857142855,0.08928571428571429,0.017857142857142856,0.8928571428571429,0.5138054215600395
