yyyymm,mean,perc_neg,perc_netural,perc_pos,sd
201105,0.0,0.0,1.0,0.0,0.0
201106,-0.3182,1.0,0.0,0.0,0.0
201107,0.0,0.0,1.0,0.0,0.0
201109,-0.10606666666666666,0.3333333333333333,0.6666666666666666,0.0,0.1500009185157063
201110,0.19996,0.2,0.4,0.4,0.4625620935615023
201111,0.41265,0.0,0.5,0.5,0.41265
201112,0.09904999999999999,0.16666666666666666,0.5,0.3333333333333333,0.41198573498767327
201201,0.20174117647058823,0.11764705882352941,0.5294117647058824,0.35294117647058826,0.315069187656268
201202,0.12451666666666665,0.16666666666666666,0.3333333333333333,0.5,0.3257414486811417
201203,0.9918,0.0,0.0,1.0,0.0
201204,0.19416250000000002,0.125,0.5,0.375,0.4859861210402515
201205,-0.0965625,0.25,0.625,0.125,0.25747763464765244
201206,0.3050363636363636,0.09090909090909091,0.45454545454545453,0.45454545454545453,0.5100180928568342
201207,-0.006931249999999961,0.4375,0.125,0.4375,0.704490998628398
201208,0.024569230769230763,0.23076923076923078,0.5384615384615384,0.23076923076923078,0.44675757216193174
201209,0.10468749999999998,0.25,0.5,0.25,0.5097766506949392
201210,0.1204846153846154,0.07692307692307693,0.6923076923076923,0.23076923076923078,0.4132167913896899
201211,-0.01983684210526316,0.3157894736842105,0.47368421052631576,0.21052631578947367,0.5099458518318921
201212,0.006850000000000006,0.4,0.4,0.2,0.5130287462706159
201301,0.12294666666666666,0.2,0.4666666666666667,0.3333333333333333,0.44316702474600045
201302,0.20663199999999995,0.16,0.4,0.44,0.5494690657134395
201303,0.31825909090909094,0.045454545454545456,0.45454545454545453,0.5,0.4550634637649116
201304,0.13128846153846152,0.11538461538461539,0.5769230769230769,0.3076923076923077,0.43229942198837057
201305,0.10303428571428572,0.05714285714285714,0.6857142857142857,0.2571428571428571,0.2779046434021746
201306,0.21908749999999994,0.15625,0.34375,0.5,0.4297618037573256
201307,0.21559374999999997,0.125,0.4375,0.4375,0.49506983026229484
201308,0.1674909090909091,0.15151515151515152,0.45454545454545453,0.3939393939393939,0.4232201915355835
201309,0.10463260869565218,0.13043478260869565,0.6304347826086957,0.2391304347826087,0.3759910649113817
201310,0.15408550724637685,0.17391304347826086,0.463768115942029,0.36231884057971014,0.43912467784048625
201311,0.26264146341463424,0.14634146341463414,0.36585365853658536,0.4878048780487805,0.5077778052458549
201312,0.26299491525423724,0.13559322033898305,0.3220338983050847,0.5423728813559322,0.5121797414982987
201401,0.18035102040816325,0.20408163265306123,0.3673469387755102,0.42857142857142855,0.4836391132721937
201402,0.1926560606060606,0.24242424242424243,0.30303030303030304,0.45454545454545453,0.5735305844077957
201403,0.25823921568627456,0.11764705882352941,0.37254901960784315,0.5098039215686274,0.4983687327233196
201504,-0.1027,0.0,1.0,0.0,0.0
201505,0.2254333333333333,0.3333333333333333,0.3333333333333333,0.3333333333333333,0.4965253758760864
201506,-0.12628,0.6,0.1,0.3,0.6127810502944752
201509,0.08550714285714274,0.2578397212543554,0.3606271777003484,0.38153310104529614,0.5626809420177263
201510,0.08226378378378381,0.24324324324324326,0.40135135135135136,0.3554054054054054,0.5441277204865582
201511,0.11075159680638726,0.2435129740518962,0.36926147704590817,0.3872255489021956,0.554216163721508
201512,0.16530479638009027,0.21357466063348415,0.3438914027149321,0.4425339366515837,0.5416985723779983
201601,0.16083887614678885,0.18922018348623854,0.39105504587155965,0.4197247706422018,0.5239224945439006
201602,0.1443422360248449,0.21014492753623187,0.39233954451345754,0.39751552795031053,0.5254521191314775
201603,0.14005312225153904,0.20668425681618294,0.40897097625329815,0.3843447669305189,0.5274390594012449
201604,0.1399341052631578,0.19473684210526315,0.43157894736842106,0.3736842105263158,0.5152089760935451
201605,0.1279461422087746,0.2042360060514372,0.42133131618759456,0.3744326777609682,0.5066513963287855
201606,0.14796191063934858,0.1490989879042212,0.5055541841520612,0.3453468279437176,0.45891197404210954
201607,0.13249911377245477,0.18898203592814372,0.44766467065868265,0.36335329341317363,0.49771874756318246
201608,0.14140638232586675,0.20190242405645903,0.41485118134397053,0.38324639459957044,0.5153811144711219
201609,0.15285883146067428,0.19820224719101123,0.3991011235955056,0.40269662921348315,0.5261166454544595
201610,0.12136065162907282,0.21553884711779447,0.41854636591478694,0.3659147869674185,0.5094681782724546
201611,0.1742889570552147,0.16513292433537832,0.4376278118609407,0.39723926380368096,0.48744719271508813
201612,0.1295107634543179,0.17146433041301626,0.4831038798498123,0.3454317897371715,0.47527673309932783
201701,0.1421900768693225,0.16596785464709993,0.47938504542278126,0.3546470999301188,0.4709570602866942
201702,0.18803625836335558,0.13715903242408647,0.4773546062789501,0.38548636129696345,0.4526256361106106
201703,0.19583736340711666,0.144438217988232,0.4480246567666013,0.4075371252451667,0.48264839488846734
201704,0.2005837243947856,0.14450651769087522,0.4409683426443203,0.4145251396648045,0.4839859887312573
201705,0.18553767783386904,0.15374024782010096,0.4483708122992198,0.3978889398806792,0.48417133804855167
201706,0.16829857213195495,0.15115706548498276,0.46651895617922207,0.3823239783357952,0.4787624159626364
201707,0.1588234938357761,0.14445219818562458,0.5019772040009305,0.35357059781344496,0.45853441523271066
201708,0.14521322616002877,0.13737668980635734,0.5305078553160395,0.3321154548776032,0.4446475644604887
201709,0.15547148390941634,0.13438617401668654,0.5172824791418356,0.34833134684147793,0.44306188563863824
201710,0.145123767913317,0.15554002097168823,0.48829080740999653,0.3561691716183153,0.458574563974982
201711,0.15447656517276787,0.1477933629832364,0.4929866575436196,0.35921997947314405,0.45730810441342395
201712,0.14815712723295674,0.15275246080933286,0.4961720743711265,0.35107546481954066,0.4587314624247583
201801,0.1318459206586829,0.15456586826347304,0.5071107784431138,0.3383233532934132,0.4523980515119457
201802,0.16036055724858517,0.14845450587723116,0.48672181105790163,0.36482368306486723,0.4615091062325906
201803,0.1114975000000004,0.16059322033898304,0.5271186440677966,0.31228813559322033,0.43961695194642614
201804,0.15756515107069552,0.13200352009386918,0.5174537987679672,0.35054268113816367,0.4442813385582686
201805,0.22438789302493692,0.1550415612576798,0.3989880737260571,0.4459703650162631,0.5117673736179557
201806,0.2164774193548386,0.15475704369130258,0.40465496120865657,0.4405879951000408,0.5056211225812893
201807,0.2212416759776539,0.1590316573556797,0.3843575418994413,0.456610800744879,0.5189956766724018
201808,0.22031986754966895,0.14474929044465468,0.43330179754020814,0.4219489120151372,0.5031742285707855
201809,0.22899030920060334,0.15497737556561086,0.38951734539969834,0.4555052790346908,0.5052143244632806
201810,0.2596470210815765,0.14848762603116408,0.3651084631836236,0.48640391078521233,0.5177823219716615
201811,0.27937363413971134,0.14677901603696658,0.3435716227235662,0.5096493612394672,0.5146003594053415
201812,0.23228959361052323,0.15738783180643645,0.38242894056847543,0.46018322762508806,0.5175016927678754
201901,0.22900574832775925,0.14715719063545152,0.4048913043478261,0.44795150501672243,0.5017449882750942
201902,0.22378680573008272,0.15305353103794922,0.393817542096004,0.4531289268660467,0.5055975371275626
201903,0.2356599180525425,0.14943359845745963,0.3880453121234032,0.46252108941913717,0.5046238525841351
201904,0.23081788079470256,0.15799432355723747,0.3771680857773573,0.46483759066540525,0.5120997438789696
201905,0.2273296608130863,0.1491460187635314,0.40101034399807556,0.44984363723839305,0.5019037794182006
201906,0.25960050566342957,0.12601132686084143,0.39987864077669905,0.4741100323624595,0.4863243222641799
201907,0.25835397626323514,0.14689787506218463,0.3641532229408002,0.48894890199701513,0.5102676616814028
201908,0.22866605139341198,0.16672698757389312,0.3651827723488961,0.4680902400772108,0.5215834736329777
201909,0.2148254239925312,0.1761319433639334,0.3620662828691458,0.4618017737669208,0.5250239701694471
201910,0.2106743428359869,0.1677156608663458,0.38652350981118105,0.4457608293224732,0.5159677517848219
201911,0.2387708065062688,0.14977973568281938,0.38004066418163335,0.47017960013554727,0.5081685206349078
201912,0.22995039125741953,0.173097679438748,0.347004856988667,0.479897463572585,0.5318753456516372
202001,0.20538679623631,0.17152552830479717,0.3813049514113836,0.44716952028381923,0.520960020417716
202002,0.2155210466222645,0.17906755470980018,0.3575642245480495,0.46336822074215034,0.5343284529297757
202003,0.21069991985574066,0.17271087958324985,0.3766780204367862,0.45061109997996396,0.5156013006599426
202004,0.22816006621472515,0.13700141888696202,0.41573387986757054,0.44726470124546747,0.48747177244944323
202005,0.2342339831401471,0.1481822971548999,0.38935721812434143,0.4624604847207587,0.5051049792543028
202006,0.22388955148664497,0.12766672266084328,0.437594490173022,0.43473878716613473,0.4769873594482621
202007,0.20437610635585446,0.13622291021671826,0.44363503915498087,0.42014205062830084,0.4713744758611582
202008,0.2284611518111522,0.13878713878713878,0.4129019129019129,0.4483109483109483,0.4849047113349767
202009,0.20607619544790054,0.14324493631238255,0.43704322405512636,0.41971183963249115,0.48080178111371874
